[gd_scene load_steps=11 format=3 uid="uid://b086gn4fodijm"]

[ext_resource type="Script" path="res://scripts/player_bit_fixed.gd" id="1_okjq5"]
[ext_resource type="PackedScene" uid="uid://chkujett01dfi" path="res://scenes/guns/m_1911v_3.tscn" id="2_rgbra"]
[ext_resource type="PackedScene" uid="uid://c4whxfl4wdark" path="res://scenes/guns/weapon_2.tscn" id="3_j8r5l"]
[ext_resource type="PackedScene" uid="uid://blbbx71yy2qw4" path="res://scenes/guns/weapon_3.tscn" id="4_2vcg2"]
[ext_resource type="PackedScene" uid="uid://c20be83pif14c" path="res://scenes/guns/weapon_4.tscn" id="5_3rhy8"]
[ext_resource type="PackedScene" uid="uid://cr4xn0vrldr7w" path="res://scenes/guns/m_1911_alt.tscn" id="6_ce3fw"]

[sub_resource type="CapsuleMesh" id="CapsuleMesh_w7i0t"]

[sub_resource type="StandardMaterial3D" id="StandardMaterial3D_rn64o"]
albedo_color = Color(1, 0, 1, 1)

[sub_resource type="CapsuleShape3D" id="CapsuleShape3D_0t6hj"]

[sub_resource type="LabelSettings" id="LabelSettings_ojmw0"]
font_size = 30
font_color = Color(0.560784, 1, 0.647059, 1)

[node name="Player" type="CharacterBody3D"]
script = ExtResource("1_okjq5")

[node name="MeshInstance3D" type="MeshInstance3D" parent="."]
transform = Transform3D(1, 0, 0, 0, 1, 0, 0, 0, 1, 0, 1, 0)
mesh = SubResource("CapsuleMesh_w7i0t")
surface_material_override/0 = SubResource("StandardMaterial3D_rn64o")

[node name="Player_collision" type="CollisionShape3D" parent="."]
transform = Transform3D(1, 0, 0, 0, 1, 0, 0, 0, 1, 0, 1, 0)
shape = SubResource("CapsuleShape3D_0t6hj")

[node name="head" type="Node3D" parent="."]
transform = Transform3D(1, 0, 0, 0, 1, 0, 0, 0, 1, 0, 1.71695, 0)

[node name="Camera3D" type="Camera3D" parent="head"]
transform = Transform3D(1, 0, 0, 0, 1, 0, 0, 0, 1, 0, 0, -0.289)
current = true

[node name="Control" type="Control" parent="head/Camera3D"]
layout_mode = 3
anchors_preset = 15
anchor_right = 1.0
anchor_bottom = 1.0
offset_left = 11.0
offset_top = 15.0
offset_right = -3.0
offset_bottom = -4.0
grow_horizontal = 2
grow_vertical = 2

[node name="jetpack_label" type="Label" parent="head/Camera3D/Control"]
layout_mode = 1
anchors_preset = 2
anchor_top = 1.0
anchor_bottom = 1.0
offset_top = -32.0
offset_right = 120.0
grow_vertical = 0
text = "Jetpack: 100%"
label_settings = SubResource("LabelSettings_ojmw0")

[node name="ammo_count" type="Label" parent="head/Camera3D/Control"]
layout_mode = 1
anchors_preset = 2
anchor_top = 1.0
anchor_bottom = 1.0
offset_left = 925.0
offset_top = -60.0
offset_right = 1124.0
offset_bottom = -15.0
grow_vertical = 0
text = "Ammo 7/35"
label_settings = SubResource("LabelSettings_ojmw0")

[node name="ColorRect" type="ColorRect" parent="head/Camera3D/Control"]
layout_mode = 1
anchors_preset = 8
anchor_left = 0.5
anchor_top = 0.5
anchor_right = 0.5
anchor_bottom = 0.5
offset_left = -5.0
offset_top = -5.0
grow_horizontal = 2
grow_vertical = 2

[node name="bullet_origin" type="RayCast3D" parent="head/Camera3D"]
transform = Transform3D(1, 0, 0, 0, 1, 0, 0, 0, 1, -0.0120677, 0.0230621, 0)
target_position = Vector3(0, 0, -250)
collision_mask = 25

[node name="joint(do_not_remove)" type="Marker3D" parent="head/Camera3D"]
metadata/_edit_lock_ = true

[node name="M1911V3" parent="head/Camera3D/joint(do_not_remove)" instance=ExtResource("2_rgbra")]
transform = Transform3D(-0.624, 0, -9.42214e-08, 0, 0.624, 0, 9.42214e-08, 0, -0.624, -0.00500826, -0.584135, -0.0825514)
visible = false

[node name="weapon_2" parent="head/Camera3D/joint(do_not_remove)" instance=ExtResource("3_j8r5l")]
transform = Transform3D(0.999608, -0.0200628, -0.0195311, 0.0200628, 0.0266481, 0.999444, -0.0195312, -0.999444, 0.0270401, 0.378221, -0.316987, -0.131024)
visible = false

[node name="weapon_3" parent="head/Camera3D/joint(do_not_remove)" instance=ExtResource("4_2vcg2")]
transform = Transform3D(0.999663, -0.0198001, -0.0167869, 0.0198001, 0.163412, 0.986359, -0.0167869, -0.986359, 0.163749, 0.383623, -0.249383, -0.189148)
visible = false

[node name="weapon_4" parent="head/Camera3D/joint(do_not_remove)" instance=ExtResource("5_3rhy8")]
transform = Transform3D(0.999592, -0.0200679, -0.0203478, 0.0200679, -0.0140495, 0.9997, -0.0203478, -0.9997, -0.0136408, 0.363827, -0.313921, -0.260868)
visible = false

[node name="m1911_alt" parent="head/Camera3D/joint(do_not_remove)" instance=ExtResource("6_ce3fw")]
transform = Transform3D(-1, 0, -8.74228e-08, 0, 1, 0, 8.74228e-08, 0, -1, -5.16469e-08, -0.409171, -0.590771)

[node name="ladder_raycast" type="RayCast3D" parent="."]
transform = Transform3D(1, 0, 0, 0, -0.0390505, -0.999237, 0, 0.999237, -0.0390505, 0, -0.0145242, -0.0612492)
collision_mask = 24

[node name="AudioStreamPlayer" type="AudioStreamPlayer" parent="."]
mix_target = 1
